-428
-428
-428
-428
-428
-428
-428
-428
-428
-428
-428
-428
-432
-432
-428
-428
-432
-428
-428
-428
-432
-428
-428
-428
-428
-428
-428
-432
-428
-428
-428
-432
-428
-432
-432
-432
-428
-428
-428
-428
-432
-428
-432
-430
-432
-427
-432
-428
-432
-428
-432
-428
-428
-428
-428
-428
-428
-428
-432
-432
-428
-428
-432
-432
-432
-428
-432
-428
-428
-428
-428
-428
-432
-428
-428
-432
-428
-428
-432
-428
-428
-432
-428
-432
-432
-431
-427
-428
-431
-432
-427
-428
572
568
572
568
568
568
572
568
572
568
572
572
572
568
568
569
568
572
572
568
568
569
572
568
569
568
568
569
572
572
569
572
572
572
568
572
572
572
572
572
572
568
568
568
572
568
568
571
573
572
572
572
572
572
572
568
572
572
572
573
572
568
568
572
568
568
572
572
568
572
645
568
573
573
568
573
572
573
572
573
572
572
568
569
569
573
568
573
572
568
572
568
568
572
568
572
568
573
572
572
568
572
572
572
568
568
572
572
572
572
572
568
568
568
572
572
568
568
568
568
568
572
572
572
572
572
572
572
572
572
572
572
569
568
572
572
568
572
572
568
568
572
572
572
568
572
572
572
572
572
572
572
572
572
572
572
572
568
572
572
572
572
572
572
572
572
572
572
572
568
569
568
572
572
572
572
572
572
569
568
572
568
572
572
572
568
572
572
572
572
572
572
572
572
568
572
572
572
572
572
572
572
572
572
572
572
572
572
572
572
569
572
572
568
572
568
568
572
572
572
572
572
572
572
572
572
572
573
572
572
572
568
572
572
572
572
572
568
572
572
572
572
572
572
572
572
572
572
572
568
568
572
572
572
572
572
572
572
568
569
568
572
572
572
569
572
572
572
573
572
568
572
568
568
572
572
572
572
568
568
569
572
569
567
572
572
572
572
572
569
572
572
568
572
572
568
568
569
572
572
572
568
568
569
572
572
572
572
572
572
572
572
572
568
572
572
572
572
568
572
568
572
568
568
572
571
642
573
668
572
618
573
638
568
572
572
568
572
572
568
572
568
572
568
569
572
572
572
572
572
572
572
570
568
572
572
568
572
568
572
572
572
572
568
568
568
568
569
568
568
568
568
568
568
568
568
569
567
572
569
568
568
568
568
568
572
572
572
650
568
571
568
572
568
572
572
572
569
568
568
567
572
568
568
572
572
572
568
568
572
568
568
568
572
572
572
572
572
572
572
572
572
572
572
568
568
572
570
572
572
572
572
572
572
572
568
572
572
572
572
572
806
572
568
571
572
572
572
572
572
572
568
572
572
568
572
572
572
573
572
572
572
570
572
568
568
572
572
569
572
572
572
572
568
572
572
572
569
572
569
572
572
568
572
572
572
572
573
572
572
572
572
572
572
572
572
572
568
572
572
568
572
572
568
572
572
572
572
568
572
572
572
568
568
572
572
572
572
572
572
572
572
572
568
572
572
572
572
572
572
572
568
572
572
572
572
572
572
568
568
572
569
572
572
572
572
572
572
572
573
568
568
568
572
568
572
572
572
572
568
568
572
568
572
572
572
572
572
572
572
572
572
568
572
572
568
572
568
572
572
727
568
572
572
572
572
636
572
572
568
572
569
572
568
572
572
568
572
572
572
572
568
568
573
572
572
572
572
572
572
572
572
572
572
572
573
572
572
572
572
572
572
572
572
572
572
572
573
572
568
573
572
568
572
572
572
572
572
572
572
572
572
572
568
573
572
572
572
572
572
583
572
568
572
572
572
572
572
572
572
568
572
573
568
568
572
572
568
568
568
568
568
572
572
572
572
572
569
572
572
572
572
572
568
572
572
572
572
572
572
572
572
572
568
572
572
572
573
568
572
572
572
572
568
572
572
572
572
572
572
568
572
569
568
572
572
568
572
572
572
572
572
568
572
572
572
572
572
572
568
568
572
572
572
568
572
572
572
568
568
568
572
572
572
573
572
572
568
572
568
572
572
572
569
572
572
572
572
572
572
572
568
568
572
572
572
569
569
572
572
368
524
208
248
208
261
260
274
262
256
206
202
203
206
203
210
206
205
202
202
202
202
206
206
420
202
205
306
306
306
306
302
306
306
302
306
626
306
306
306
306
306
306
306
306
306
305
306
306
302
302
310
306
310
306
306
306
306
302
306
306
306
306
302
302
302
310
302
306
306
302
306
306
306
306
306
303
303
306
306
302
302
306
306
310
302
305
306
306
306
303
307
310
302
555
310
302
310
306
302
911
306
306
302
302
306
310
302
306
302
302
306
302
302
302
306
310
306
306
307
306
306
305
310
310
306
302
310
306
310
302
306
306
306
306
302
301
310
306
302
306
310
310
306
302
302
306
306
303
306
306
302
306
347
306
306
310
306
307
307
306
302
303
302
305
306
306
302
306
305
310
310
306
306
306
302
346
302
306
306
302
305
310
306
301
303
302
305
310
302
301
305
307
302
311
302
305
306
306
303
306
303
307
302
305
302
302
310
306
306
302
302
302
301
306
306
306
306
306
306
306
306
306
310
306
306
306
306
306
306
302
310
302
307
310
310
306
306
306
306
306
302
306
285
306
306
310
306
550
306
306
302
306
302
306
302
302
306
306
302
311
302
302
302
306
302
306
306
302
302
310
302
306
306
302
282
302
307
306

318
317
317
317
318
317
322
318
322
317
317
317
317
318
317
322
318
317
317
318
317
318
318
317
529
318
317
317
318
317
318
317
317
318
317
317
318
317
322
322
322
322
317
317
317
318
317
317
322
317
317
322
418
318
317
317
318
317
317
318
317
317
318
317
317
317
317
322
317
317
318
317
317
318
318
317
318
317
317
318
317
317
318
317
317
318
317
531
318
317
317
322
317
318
317
317
318
317
607
585
321
317
318
317
317
318
317
630
318
317
317
318
317
537
391
317
317
318
317
317
318
317
317
318
317
598
318
317
322
322
322
317
318
322
502
318
317
318
317
317
322
317
317
318
317
317
322
318
323
317
317
415
322
522
467
426
424
436
451
430
446
471
424
457
425
501
409
544
538
548
547
538
503
446
459
440
420
462
460
471
616
467
459
466
469
465
466
421
412
423
425
390
424
405
415
405
318
429
433
442
462
458
407
405
428
621
446
633
447
395
397
402
360
278
14
68
141
128
137
134
137
140
133
124
132
127
127
129
628
130
256
130
133
133
136
133
387
122
127
120
546
586
147
164
35
7
3
3
3
3
3
3
3
11
2
4
33
3
3
7
2
3
3
3
3
3
3
4
3
3
3
529
4
3
3
3
3
3
3
4
3
3
4
2
442
3
3
3
3
3
2
3
3
322
3
2
3
3
418
3
3
3
3
2
3
3
2
3
4
3
2
4
2
3
4
2
3
3
3
3
3
3
3
3
3
419
3
3
4
3
538
4
3
3
3
3
4
3
3
3
3
590
3
3
3
4
3
3
3
3
3
4
3
3
3
3
3
3
3
3
4
2
3
3
3
3
3
3
526
3
561
4
2
2
3
3
3
4
3
3
3
3
637
3
3
4
3
3
3
3
3
3
3
2
3
3
3
2
3
4
3
3
4
3
4
663
2
4
3
3
4
2
3
3
3
4
3
3
3
139
209
253
328
176
120
126
185
134
139
211
155
153
183
162
387
168
170
178
535
208
233
247
236
246
236
241
235
235
242
237
242
399
231
232
238
238
238
230
229
222
617
247
250
260
504
259
178
531
109
108
108
515
108
109
108
108
109
426
108
109
108
108
109
108
109
108
108
109
108
108
109
108
108
109
112
109
108
108
109
108
109
108
108
109
484
108
109
108
108
109
108
108
109
108
108
109
108
108
109
108
108
109
108
108
109
108
108
109
108
709
109
108
108
534
108
109
108
108
109
108
108
109
108
108
109
108
108
109
108
108
109
108
108
109
108
109
108
630
109
108
108
109
108
419
109
108
108
451
108
108
109
108
108
109
108
108
109
108
108
109
108
109
108
265
180
265
292
295
290
286
282
291
324
347
354
355
348
343
347
344
340
339
342
341
337
342
336
326
338
332
332
326
552
333
332
332
327
332
330
335
320
321
320
320
625
629
563
349
370
375
433
419
217
213
214
213
213
582
213
213
214
213
213
214
213
213
214
213
213
214
426
213
214
213
214
213
213
214
213
213
428
213
213
214
213
214
213
213
214
213
213
214
213
213
214
213
213
214
213
213
214
213
213
213
213
213
214
213
544
213
213
213
214
213
213
214
213
213
214
428
213
214
213
213
214
213
213
214
213
466
213
213
268
213
213
490
213
213
214
630
213
214
213
213
213
214
213
213
214
213
213
214
213
217
214
402
405
396
379
373
362
357
360
360
360
358
368
634
387
395
408
424
433
432
439
438
436
433
432
437
433
427
433
436
436
427
428
423
433
427
430
433
426
432
427
430
426
428
432
438
460
465
481
318
317
317
318
317
317
318
317
317
318
317
317
318
317
539
318
317
317
445
317
317
318
317
318
317
317
318
317
317
318
317
317
318
317
317
318
317
317
318
317
317
318
317
317
317
317
493
318
317
317
318
317
318
317
317
318
317
317
318
317
426
318
317
317
318
317
317
318
317
317
318
317
318
317
317
318
317
317
318
317
317
318
317
317
318
317
317
317
318
317
317
623
317
462
445
450
453
467
471
458
466
466
466
467
469
477
488
507
522
540
552
555
554
552
552
550
547
547
548
547
547
548
543
546
548
547
547
548
547
547
548
546
544
545
541
546
548
564
576
607
588
427
424
484
427
424
424
424
424
423
423
424
424
423
424
423
423
428
424
424
424
424
424
424
423
423
423
423
424
423
508
424
558
423
423
423
423
427
424
424
423
424
422
423
424
422
423
423
423
423
423
423
422
423
423
424
423
424
423
423
423
423
423
423
422
424
423
423
423
424
423
531
423
423
422
424
422
422
423
423
423
429
423
423
423
422
424
422
424
423
423
603
423
422
422
423
422
422
423
423
422
422
423
423
422
423
423
423
422
423
422
423
422
423
634
424
423
420
424
424
424
423
422
424
423
423
424
423
422
424
423
423
424
538
423
424
424
423
423
422
427
428
422
632
594
556
540
547
550
543
560
559
555
561
620
550
463
501
507
526
630
533
632
632
636
630
534
546
532
520
521
528
623
627
562
548
554
510
620
519
634
629
628
632
633
632
632
624
628
628
629
517
634
618
526
650
704
531
531
531
531
531
531
531
531
531
531
531
531
530
511
531
531
531
531
531
531
531
531
532
531
531
531
531
531
532
621
531
532
531
531
531
531
530
531
531
531
532
531
531
532
531
531
532
531
531
532
531
531
531
535
531
532
531
531
531
535
639
532
567
531
531
531
531
531
531
544
531
531
531
532
531
532
531
531
531
531
531
532
531
531
531
531
521
531
531
532
531
531
532
531
531
532
531
531
531
531
531
531
532
531
531
531
531
531
531
531
531
532
531
531
532
531
531
531
531
531
532
531
532
531
531
532
531
531
531
531
531
531
531
531
531
531
531
532
530
531
531
531
531
531
531
531
532
531
531
531
531
532
623
550
598
632
618
627
621
606
634
608
597
605
596
598
599
616
633
656
665
702
690
703
687
671
671
520
666
669
685
676
634
683
638
667
672
632
669
665
671
667
682
659
724
633
632
632
633
474
632
632
632
632
633
632
633
632
632
633
632
632
632
632
632
633
632
632
632
632
632
633
563
632
633
632
632
633
550
619
633
632
632
633
632
632
633
632
632
632
632
632
633
632
633
632
632
633
637
632
633
632
632
633
632
632
633
632
632
633
632
632
633
632
633
632
632
553
632
632
633
632
632
633
632
628
632
633
632
633
632
632
632
633
632
632
633
632
633
632
632
633
632
632
633
632
632
633
632
632
633
632
731
712
673
734
737
765
699
702
775
775
742
731
738
756
761
765
756
755
765
766
775
780
764
770
748
754
753
758
776
804
727
726
726
727
726
726
727
726
726
727
726
726
727
726
726
727
726
726
722
721
721
722
722
721
722
721
721
722
722
722
722
721
721
722
721
721
727
726
726
727
726
726
727
726
726
727
726
726
722
721
722
722
721
721
722
722
726
727
726
726
722
726
721
727
726
726
722
726
726
722
721
721
727
721
721
722
721
723
722
721
721
722
721
722
776
770
803
783
799
730
736
849
892
827
852
858
849
827
854
873
874
864
854
886
841
885
877
885
885
877
876
876
868
857
843
828
846
876
917
827
827
828
827
827
828
827
827
828
827
827
828
827
827
827
827
827
827
827
827
828
827
827
828
827
827
827
827
827
828
827
827
828
827
827
827
827
827
827
827
827
828
827
827
828
827
828
827
827
827
827
827
828
827
827
827
827
827
827
827
827
828
827
827
827
827
828
827
827
828
827
827
827
827
827
939
916
910
873
888
867
852
860
838
929
949
959
977
993
996
994
986
994
993
993
994
983
996
997
996
922
994
993
993
994
922
990
990
986
986
923
935
990
990
976
990
977
935
976
977
990
990
936
993
993
994
993
935
987
990
913
923
922
922
923
922
922
923
922
922
923
922
923
923
922
922
923
922
923
922
922
923
922
922
923
922
922
923
922
922
923
922
922
923
922
922
923
922
922
923
922
922
923
922
922
923
922
922
923
922
922
923
922
922
923
935
922
926
989
983
970
979
986
923
996
966
1051
1066
1094
1101
1082
1063
1104
1075
1084
1095
1085
1085
1076
1075
1076
1076
1085
1066
1076
1056
1098
1088
1094
1094
1098
1022
1022
1023
1013
1013
1013
1013
1013
1013
1013
1013
1013
1013
1013
1013
1013
1013
1013
1013
1013
1013
1013
1013
1013
1013
1013
1013
1013
1013
1013
1013
1013
1013
1003
1004
1013
1003
1013
1013
1013
1013
1003
1013
1004
1013
1013
1004
1013
1003
1004
1013
1013
1013
1013
1013
1013
1013
1013
1013
1013
1013
1013
1013
1013
1004
1013
1003
1013
1003
1013
1004
1003
1003
1004
1003
1013
1013
1003
1013
1004
1003
1003
1004
1003
1013
1004
1003
1013
1013
1013
1013
1013
1013
1013
1013
1013
1013
1013
1013
1013
1013
1013
1013
1013
1013
1013
1013
1003
1013
1004
1013
1003
1013
1013
1013
1013
1013
1013
1013
1013
1013
1013
1013
1013
1013
1003
1013
1013
1003
1003
1013
1003
1003
1004
1003
1003
1013
1013
1003
1013
1013
1003
1013
1013
1013
1013
1013
1013
1013
1013
1013
1013
1013
1013
1013
1004
1013
1013
1013
1003
1003
1004
1003
1013
1004
1013
1013
1013
1013
1013
1003
1013
1013
1013
1003
1013
1013
1013
1013
1013
1013
1013
1013
1013
1013
1013
1013
1013
1013
1003
1004
1013
1013
1004
1003
1013
1013
1013
1013
1013
1003
1013
1003
1003
1013
1013
1003
1004
1013
1003
1013
1013
1013
1013
1013
1003
1004
1003
1003
1004
1003
1003
1004
1003
1003
1004
1003
1003
1004
1003
1003
1004
1003
1003
1004
1003
1003
1013
1013
1013
1004
1003
1003
1004
1003
1003
1004
1003
1003
1004
1013
1003
1013
1003
1003
1004
1013
1003
1013
1013
1013
1013
1013
1013
1013
1013
1013
1013
1013
1013
1013
1013
1013
1013
1013
1013
1013
1013
1013
1013
1013
1013
1013
1013
1013
1013
1013
1013
1013
1013
1013
1013
1013
1013
1013
1013
1013
1023
1013
1013
1013
1013
1013
1013
1013
1013
1013
1013
1013
1013
1013
1013
1013
1013
1013
1013
1013
1003
1004
1013
1013
1013
1013
1013
1013
1013
1013
1013
1013
1013
1013
1013
1013
1013
1013
1013
1013
1013
1013
1013
1013
1013
1013
1013
1013
1013
1013
1013
1013
1013
1013
1013
1004
1013
1013
1013
1013
1013
1013
1013
1013
1013
1013
1013
1013
1013
1013
1013
1013
1013
1013
1013
1013
1013
1013
1013
1013
1013
1013
1013
1013
1013
1013
1013
1013
1013
1013
1013
1013
1013
1004
1013
1013
1013
1013
1013
1013
1013
1013
1013
1013
1013
1013
1003
1013
1013
1013
1013
1013
1004
1003
1013
1013
1013
1013
1013
1003
1013
1013
1003
1003
1004
1013
1013
1013
1003
1013
1004
1003
1003
1004
1003
1013
1004
1013
1003
1004
1003
1003
1004
1013
1003
1004
1013
1003
1004
1013
1003
1004
1003
1003
1004
1013
1003
1013
1013
1013
1013
1003
1003
1013
1003
1013
1013
1013
1013
1013
1013
1013
1013
1003
1013
1013
1013
1013
1013
1013
1013
1013
1003
1013
1013
1013
1013
1013
1013
1013
1013
1003
1013
1004
1003
1003
1013
1013
1013
1013
1013
1013
1013
1013
1013
1013
1013
1013
1013
1013
1013
1013
1004
1013
1013
1014
1013
1013
1013
1013
1003
1013
1013
1013
1013
1013
1013
1013
1014
1013
1013
1013
1013
1013
1013
1013
1013
1013
1013
1013
1013
1013
1013
1013
1003
1013
1013
1003
1003
1013
1003
1003
1013
1013
1013
1013
1003
1004
1003
1003
1004
1013
1013
1013
1003
1013
1013
1013
1013
1013
1013
1013
1013
1013
1013
1004
1003
1003
1013
1003
1003
1004
1013
1013
1013
1013
1013
1013
1013
1013
1013
1003
1013
1013
1013
1003
1004
1003
1003
1013
1013
1013
1003
1004
1013
1003
1004
1003
1003
1004
1003
1003
1004
1003
1013
1004
1013
1013
1004
1003
1013
1013
1003
1003
1004
1013
1003
1004
1003
1003
1013
1013
1013
1013
1013
1013
1004
1003
1004
1013
1003
1004
1003
1004
1013
1013
1013
1013
1013
1004
1003
1013
1004
1013
1013
1013
1013
1013
1151
1013
1013
1004
1013
1003
1004
1013
1013
1013
1013
1004
1003
1003
1013
1013
1013
1013
1013
1013
1013
1013
1013
1013
1003
1013
1003
1003
1004
1013
1013
1004
1013
1013
1013
1013
1013
1013
1013
1013
1014
1013
1013
1003
1013
1003
1003
1013
1013
1013
1013
1013
1013
1004
1013
1013
1013
1013
1003
1004
1003
1003
1004
1003
1003
1004
1003
1003
1004
1013
1013
1013
1013
1013
1014
1013
1003
1014
1013
1004
1013
1013
1014
1013
1014
1013
1014
1013
1014
1013
1022
872
871
872
871
872
871
871
872
871
872
871
872
871
871
872
871
871
872
871
871
872
871
871
872
871
872
871
871
872
871
871
872
871
872
777
776
777
776
782
776
776
777
776
777
776
776
777
776
776
777
776
777
776
776
777
776
776
776
776
776
777
776
776
777
776
776
776
776
776
777
686
685
685
686
685
686
685
685
686
685
685
686
685
680
686
685
685
686
680
685
686
685
685
686
685
685
686
685
686
685
685
686
685
685
686
685
686
685
685
686
580
579
579
580
579
579
579
580
579
579
580
579
580
579
579
579
579
579
579
580
579
579
580
579
503
579
579
506
579
579
489
579
579
579
580
579
580
579
579
504
579
579
579
580
579
579
580
579
579
580
579
579
580
579
580
580
580
579
732
732
567
576
571
705
712
571
570
943
579
945
576
576
548
598
576
659
582
685
508
551
556
552
553
567
554
563
558
561
556
565
565
565
562
561
561
562
561
561
645
620
561
533
698
717
580
727
727
627
504
612
582
572
581
591
595
590
596
586
618
629
579
579
580
579
579
580
515
579
580
579
579
580
579
579
580
579
579
580
579
579
580
579
507
579
579
580
579
579
580
579
579
580
579
579
580
579
580
579
579
580
579
579
580
579
579
580
579
579
580
579
579
580
579
579
580
579
579
580
579
579
580
579
579
580
579
579
580
579
579
580
579
579
580
579
579
580
579
579
580
579
579
580
579
579
580
579
579
580
579
579
580
579
579
580
579
579
580
579
579
580
579
579
580
515
579
580
579
579
580
579
579
580
579
579
580
579
579
580
579
579
580
579
481
480
480
480
481
480
480
480
480
481
480
480
480
480
480
481
480
480
481
480
480
481
480
480
481
480
480
481
480
480
481
480
480
579
480
481
480
480
481
480
480
481
480
480
480
480
480
481
375
374
574
502
374
374
374
374
374
374
375
374
374
375
373
374
375
492
374
374
374
374
374
374
374
374
374
373
374
374
374
374
374
374
373
374
374
374
374
374
374
547
495
374
374
374
375
374
375
374
374
374
374
374
455
374
374
411
374
374
374
374
374
374
373
374
374
374
374
374
374
375
374
374
374
374
373
374
374
374
374
374
374
373
374
374
374
374
374
375
374
374
374
374
374
495
375
374
374
375
374
375
374
374
374
374
374
374
374
374
374
374
374
374
374
374
410
373
374
373
374
374
374
374
374
373
374
375
374
374
267
266
267
266
267
266
266
267
266
266
267
266
373
267
266
266
267
266
267
266
266
267
266
266
267
266
266
267
266
266
267
456
266
267
507
162
161
161
162
161
161
162
161
161
162
161
161
162
161
161
162
509
161
162
161
161
162
165
165
162
161
161
162
162
161
162
161
161
162
161
161
162
161
161
162
161
161
162
161
161
162
161
161
63
59
63
501
265
261
374
63
59
62
63
63
59
59
59
59
59
569
73
59
60
59
370
59
59
59
59
59
59
59
499
59
59
59
58
59
59
59
510
62
59
59
399
59
59
59
62
59
58
59
59
59
59
63
59
59
59
59
59
59
59
59
59
59
196
59
59
59
59
59
59
59
59
59
356
59
59
59
59
331
59
59
59
59
59
62
63
59
59
59
59
59
59
58
59
59
59
59
374
59
59
59
456
373
314
234
59
249
272
280
283
286
283
287
286
286
287
56
56
56
56
450
56
56
56
56
56
55
56
56
56
56
56
56
57
56
56
57
56
56
57
56
56
56
56
55
57
56
56
56
56
56
57
56
56
56
56
56
57
56
56
56
573
56
56
56
56
56
523
56
56
56
56
508
56
56
56
56
56
56
56
56
56
56
56
56
56
56
56
56
56
56
57
495
56
56
56
56
57
56
56
56
56
56
56
56
56
56
56
56
56
56
57
56
56
373
56
56
56
57
56
56
55
56
57
56
56
56
56
55
56
272
56
57
56
55
57
56
56
57
56
56
56
56
56
56
56
56
56
56
56
-46
-48
436
-48
-48
133
-47
-47
-46
-47
-47
-47
-47
-47
-47
-48
-47
-48
-47
397
-47
-47
-47
-47
-47
-47
330
-47
-47
-47
572
-47
-48
-48
-47
-48
-47
-46
-48
-47
-47
-47
-48
-46
-48
107
-47
-47
-47
-48
-48
253
252
252
253
252
252
254
252
252
252
253
253
253
253
253
253
252
253
252
252
253
792
253
253
252
253
254
253
252
254
253
253
254
252
252
254
253
254
253
